Case #1: 3 3 0
Case #2: Impossible
Case #3: 3 0 2 3
Case #4: Impossible
Case #5: 2 0 6 5 2 5 5
Case #6: 7 10 12 12 10 0 6 6 12 7 8 6
Case #7: Impossible
Case #8: 14 45 7 7 14 7 14 53 0 1 50 53 14 9 14 53 53 1 4 1 14 7 14 1 4 14 53 1 14 4 45 4 9 4 7 14 14 4 14 7 1 53 7 14 53 14 4 7 14 7 14 7 1 7 1 1 14 4 14 4
Case #9: 17 45 14 45 22 14 30 45 53 45 39 45 14 0 17 14 14 17 14 14 57 39 41 47 14 39 17 14 27 39 14 14 45 14 45 47 14 30 14 45 45 14 39 45 14 14 45 57 17 53 17 14 14 14 48 38 22 45 14 14
Case #10: 53 9 9 11 32 55 11 9 32 0 9 11 55 48 48 53 32 11 48 11 53 9 32 48 9 32 48 32 40 32 32 10 9 53 11 48 48 55 11 53 55 10 53 9 53 48 53 32 32 48 48 48 48 32 35 11 55 32 9 9
Case #11: Impossible
Case #12: 4 9 25 25 17 32 2 4 45 4 25 4 25 25 25 17 25 25 45 8 25 25 9 4 0 25 9 25 9 4 4 4 25 9 4 4 9 55 25 55 25 4 9 4 4 36 25 4 9 4 4 9 13 4 17 4 7 9 25 35
Case #13: Impossible
Case #14: Impossible
Case #15: Impossible
Case #16: 6 23 6 13 13 57 22 13 22 13 22 22 0 59 59 22 13 6 57 13 42 13 13 57 22 36 13 6 22 22 6 23 23 57 22 13 9 22 22 16 6 57 28 16 13 6 6 9 36 23 22 57 13 6 22 22 22 13 23 22
Case #17: 15 6 15 47 28 15 28 47 47 15 47 37 47 47 47 37 15 15 47 39 47 37 47 46 37 47 55 53 47 39 15 15 47 55 15 6 6 15 15 39 11 6 58 15 39 47 0 47 15 15 15 6 55 35 37 60 55 17 47 37
Case #18: Impossible
Case #19: Impossible
Case #20: 39 29 41 9 9 0 13 13 39 40 34 41 41 40 41 13 13 40 41 41 13 41 13 41 13 40 13 39 39 13 6 41 39 41 30 41 34 41 40 41 6
Case #21: Impossible
Case #22: 4 6 0 6 2 3
Case #23: 35 3 35 35 12 35 26 3 10 12 35 35 35 2 2 10 2 30 13 10 2 31 30 3 0 2 35 30 10 2 2 2 30 2 25 2 35 2 35
Case #24: 19 20 9 5 9 9 5 19 0 5 5 9 19 9 20 5 5 19 3 5 5 9 9 5 20 9 9 5 5 2 9
Case #25: Impossible
Case #26: 3 6 55 44 6 0 6 55 6 6 6 6 55 6 6 6 55 22 6 54 22 54 6 6 12 55 6 6 54 44 6 6 44 6 44 6 54 55 49 6 54 6 6 6 6 54 6 10 55 6 55 22 12 6 6 39
Case #27: Impossible
Case #28: Impossible
Case #29: Impossible
Case #30: Impossible
Case #31: Impossible
Case #32: Impossible
Case #33: 0 1 42 14 43 5 1 1 1 42 1 5 1 42 42 14 1 42 39 42 42 9 1 14 42 1 1 1 42 1 1 42 42 1 14 1 1 1 1 1 42 1 42
Case #34: 0 12 23 23 12 23 23 23 20 17 23 1 1 1 23 1 12 12 1 12 1 1 1 1
Case #35: 0 5 2 6 1 1 2 1
Case #36: 26 3 1 26 3 24 1 29 1 1 26 1 1 5 26 26 26 3 26 1 3 26 5 26 3 0 26 26 1 28 26 1 26 1 26
Case #37: Impossible
Case #38: 0 1 25 1 1 25 1 25 1 1 1 9 25 25 25 1 25 25 1 25 1 1 1 27 1 9 25 27 1 25 1 1 25 25 27 25 1 25 1 25 1 1 25
Case #39: 16 26 26 26 26 7 26 17 16 26 7 26 16 26 0 26 16 26 26 7 7 17 7 26 26 15 26
Case #40: Impossible
Case #41: 41 41 36 29 29 10 0 41 41 26 41 22 33 26 10 36 41 26 22 41 36 33 22 41 22 41 41 41 22 41 22 7 26 41 41 41 41 22 26 26 7
Case #42: Impossible
Case #43: Impossible
Case #44: 3 3 4 0 6 3
Case #45: Impossible
Case #46: Impossible
Case #47: 23 53 0 53 53 9 53 53 53 9 53 9 23 16 53 9 23 53 9 9 53 53 9 23 53 53 9 9 3 23 53 9 53 53 9 16 9 53 53 53 9 9 53 53 53 53 9 53 53 53 3 9 3 3 53
Case #48: 34 0 34 34 34 34 34 34 14 34 34 34 15 34 34 34 34 34 34 34 28 10 34 34 34 8 28 34 15 28 8 14 34 2 34 34 34 2 30
Case #49: 17 13 7 20 17 13 1 17 1 7 9 1 9 9 17 1 0 13 20 1 13 13 17 17
Case #50: 17 3 4 0 3 30 3 4 3 17 4 24 24 3 3 3 16 4 3 16 16 10 22 3 17 4 17 4 3 17
Case #51: Impossible
Case #52: 0 25 1 25 22 30 25 3 18 18 1 25 3 22 25 22 25 2 2 1 3 3 25 18 3 18 30 3 18 25 3
Case #53: 10 34 34 0 4 4 43 43 43 43 43 4 34 10 4 43 34 4 4 43 43 4 4 34 43 7 43 34 4 43 4 4 20 43 3 10 31 34 31 20 4 4 4 4 4 4 3 4 43 4 4 43
Case #54: Impossible
Case #55: 8 8 40 8 10 28 2 10 28 40 10 0 10 10 4 10 12 35 40 10 35 35 40 4 4 40 12 10 35 2 4 10 40 28 8 3 40 40 10 12 20
Case #56: 5 12 12 0 16 3 16 10 10 12 1 16 11 12 10 4 10 13
Case #57: Impossible
Case #58: Impossible
Case #59: 41 33 6 1 17 23 6 41 39 3 39 41 41 41 41 41 0 41 39 30 17 23 41 41 23 39 23 30 41 41 39 41 41 39 17 41 17 41 43 43 17 23 23
Case #60: 36 0 36 36 2 2 56 2 2 41 2 2 2 36 2 41 2 2 2 2 36 2 36 2 41 2 36 2 36 2 4 2 19 2 19 2 2 2 2 2 36 2 55 41 56 2 9 10 10 36 2 2 2 2 4 55 2
Case #61: 0 1 31 1 1 2 1 2 18 1 2 1 1 1 1 49 1 2 1 2 2 49 49 1 1 1 1 1 1 2 1 2 1 1 1 1 1 1 1 16 16 1 1 2 1 49 1 2 2 1 18
Case #62: Impossible
Case #63: 37 0 26 2 2 24 27 24 24 26 24 26 26 27 37 26 24 24 2 41 2 26 2 2 42 24 24 27 24 26 41 24 24 24 26 27 24 24 24 24 24 27 24 24 26
Case #64: Impossible
Case #65: Impossible
Case #66: 22 0 23 2 2 23 2 2 23 27 23 23 23 26 27 2 26 27 27 2 2 23 2 2 2 27 22 23 2 2 27 27 23 2 2 23 23 27 27 23 23 23 23 2 23 27 2 27 2 2 23 23
Case #67: 0 33 1 33 33 14 33 44 33 33 33 33 4 44 33 14 13 13 33 33 9 9 44 4 33 44 33 33 4 4 33 4 1 44 9 43 14 44 1 27 44 33 4 9 27 44
Case #68: 5 5 5 5 0 5 14 5 31 5 5 5 5 5 5 14 14 23 36 5 23 23 14 15 5 5 14 5 23 23 14 23 5 38 5 23 5 23 5 14 5 5 5
Case #69: 22 7 13 12 10 22 0 12 22 7 26 22 26 26 22 26 26 22 22 22 22 26 22 13 22 7 22 7 26
Case #70: 0 1 6 3 4 1
Case #71: 35 35 20 45 0 5 20 17 17 35 5 27 16 17 27 45 45 45 5 35 17 35 16 17 17 16 17 45 5 5 45 45 5 16 16 17 5 5 5 5 45 45 5 17 5 5 16 5
Case #72: 29 0 9 22 46 36 29 15 15 2 46 2 36 2 36 15 34 2 36 15 36 15 6 15 22 44 36 15 2 15 24 15 2 24 15 29 36 2 2 2 6 2 29 15 2 15 15 15 36 34 2 34 36 2 2 34
Case #73: 25 33 36 0 33 15 33 33 26 4 33 15 4 4 33 4 4 33 4 15 5 15 33 28 28 4 15 33 25 4 4 33 4 33 33 26 28 26 4 25 4 4
Case #74: 5 3 6 13 11 5 3 13 1 3 0 11 2
Case #75: 40 3 36 2 17 14 36 36 24 40 17 39 16 36 24 24 10 24 28 28 24 24 24 40 40 18 16 36 36 36 36 36 24 14 24 24 24 36 24 0 24
Case #76: 26 43 13 43 34 34 9 34 43 43 26 9 26 34 34 26 34 9 43 9 26 9 26 43 26 43 26 43 9 28 26 9 26 9 43 21 0 9 21 26 26 34 37 43 34 34 43 26 21 43 34 21 34 43 26 43
Case #77: Impossible
Case #78: Impossible
Case #79: 2 7 2 1 7 11 0 10 2 15 2 16 11 7 7 11 16 15
Case #80: 2 0 2 6 7 7 2
Case #81: Impossible
Case #82: Impossible
Case #83: Impossible
Case #84: 0 5 5 1 1 5 4
Case #85: Impossible
Case #86: Impossible
Case #87: Impossible
Case #88: Impossible
Case #89: Impossible
Case #90: Impossible
Case #91: 4 12 2 12 4 0 9 6 6 4 13 9 3 6 5 13
Case #92: 9 28 28 28 9 0 6 6 28 30 9 30 28 30 30 37 9 30 37 28 6 32 6 9 6 30 32 30 37 6 24 28 30 6 9 30 30 30 24 30 30 6
Case #93: Impossible
Case #94: Impossible
Case #95: Impossible
Case #96: Impossible
Case #97: Impossible
Case #98: Impossible
Case #99: Impossible
Case #100: 19 21 15 32 21 19 5 19 19 19 32 34 33 32 32 32 28 21 33 32 41 19 32 33 32 33 32 32 32 32 32 19 0 32 32 32 15 6 32 21 28 19 32
Case #101: Impossible
Case #102: Impossible
Case #103: 5 1 5 2 0
Case #104: 26 26 32 26 34 11 11 49 11 11 36 11 37 11 32 18 32 11 5 11 11 36 34 26 0 11 32 11 36 32 13 11 28 11 28 25 32 49 17 49 34 36 11 11 34 21 21 11 13 32
Case #105: 18 5 26 18 0 26 5 31 25 4 26 26 22 31 26 18 26 5 9 3 29 5 26 18 3 5 26 26 31 3 4 5
Case #106: 3 11 11 7 21 11 11 11 23 21 22 11 0 22 22 19 11 7 21 22 3 13 11 7 21 21 11 13 21 7 21 13
Case #107: 4 17 4 0 4 8 8 4 4 18 5 4 6 4 8 3 8 3 4 17
Case #108: 21 20 1 19 19 20 21 10 19 20 2 10 19 21 19 20 19 6 0 19 19 19 1 21 19 19 19 21 21
Case #109: Impossible
Case #110: 7 0 14 2 2 2 2 14 2 31 2 2 2 2 2 2 31 2 31 2 2 2 2 17 14 2 2 2 2 2 2 14 2 2 14 31 2 14 2 2 14 2 14 14 43 14 2 17 31 2 14 53 2 2 2
Case #111: Impossible
Case #112: Impossible
Case #113: 11 32 5 11 11 17 11 0 8 11 8 8 8 5 8 8 11 11 8 8 11 11 5 11 11 11 8 11 8 8 8 8 11
Case #114: 48 48 48 0 4 4 9 48 48 4 4 43 4 48 22 48 43 48 43 48 4 48 4 48 4 4 22 22 39 48 48 14 22 48 22 48 48 48 4 4 48 4 4 48 43 4 48 4 22 4 48 22 39 4 22 4 22 22
Case #115: 11 3 10 24 3 10 8 3 3 24 8 22 10 3 8 3 10 10 8 17 24 10 17 0 17 10 8 11 8 17 8
Case #116: 5 0 2 2 2
Case #117: Impossible
Case #118: 15 9 4 0 13 4 11 4 13 11 8 5 3 4 9
Case #119: Impossible
Case #120: 44 32 0 3 3 44 32 3 32 32 40 32 32 32 32 44 3 44 3 24 3 3 44 44 3 3 44 3 3 44 48 3 32 44 32 3 44 32 44 44 44 44 44 32 32 44 3 32 32 44 32
Case #121: 14 16 11 9 14 5 9 14 1 16 14 14 14 0 14 1 9
Case #122: 15 10 2 0 2 2 10 10 11 4 3 15 2 6 2 10 15 15
Case #123: Impossible
Case #124: 43 43 43 43 43 43 43 43 43 43 43 43 43 43 43 43 43 43 43 0 20 43 43 20 43 43 43 43 49 43 20 43 43 43 43 43 6 43 43 20 49 43 20 35 43 43 1 20 43 43 50 43 6 43 20 43
Case #125: 12 12 12 0 18 12 4 12 6 12 18 4 4 12 6 12 6 12 12 12 12
Case #126: 28 0 2 28 2 28 2 2 2 2 28 39 23 2 28 28 2 2 2 28 2 28 28 28 2 28 2 2 28 6 2 28 28 4 28 2 2 2 28 2 28 28 4 28 2
Case #127: Impossible
Case #128: Impossible
Case #129: 7 22 16 22 0 12 12 22 22 5 7 22 22 22 12 15 16 12 22 12 12 5 5 22 5 15 5 22 7 12 5 22 12 12 12 16 12 12 5 12 4 5 22 12 5 5 5 4 7 22
Case #130: 7 7 6 7 7 29 0 29 25 2 25 27 7 29 29 27 29 27 8 7 29 28 7 13 27 28 7 13 7 29
Case #131: 0 13 13 1 22 21 22 14 22 13 22 13 21 20 21 22 20 20 14 1 20 20 20
Case #132: Impossible
Case #133: 0 1 45 1 1 1 1 11 1 1 45 1 1 1 1 1 1 1 1 45 25 45 1 45 45 1 1 11 1 11 1 1 11 1 45 45 1 11 1 1 1 1 25 11 1 45 45 1 1 11 1 45 1
Case #134: 7 12 13 0 7 7 4 13 7 13 13 13 7 7 13
Case #135: 0 1 1 1 52 1 1 1 4 1 1 52 1 1 1 1 1 1 1 4 52 4 52 1 4 1 4 1 1 4 1 1 1 1 8 1 52 1 4 4 1 15 1 1 1 1 52 1 1 8 1 4 1 1 4
Case #136: 22 25 12 3 25 15 20 20 24 22 22 0 27 18 22 3 8 20 4 3 22 3 22 22 20 22 3
Case #137: 21 12 21 12 19 19 12 12 12 12 12 5 23 15 5 12 21 5 21 15 0 19 12
Case #138: 55 55 44 21 55 51 55 13 36 55 55 55 55 55 55 58 55 36 55 44 51 51 51 13 51 55 55 55 55 44 0 51 31 55 31 51 36 51 13 21 36 13 51 12 37 55 55 58 51 21 13 55 55 31 31 37 12 44 55
Case #139: Impossible
Case #140: Impossible
Case #141: Impossible
Case #142: Impossible
Case #143: 12 17 18 13 19 17 14 16 12 14 17 13 0 12 7 14 13 12 16 3
Case #144: Impossible
Case #145: 20 0 20 20 2 20 46 20 46 16 46 20 46 20 20 20 20 2 2 2 46 20 20 20 20 20 2 20 46 46 20 46 20 20 20 20 46 2 46 46 46 20 20 20 20 20 20
Case #146: Impossible
Case #147: 5 11 19 16 4 16 19 16 0 4 14 5 4 8 16 9 14 8 16 9
Case #148: 49 32 11 8 0 11 55 55 8 20 5 5 32 11 8 49 11 11 8 11 8 11 8 11 8 8 8 11 5 20 22 8 8 5 11 8 11 8 11 11 32 8 11 5 11 11 5 17 8 8 11 8 11 49 22 5 11
Case #149: 13 13 31 0 13 13 13 31 13 13 28 13 4 13 13 31 28 13 13 13 50 13 28 13 13 13 13 13 13 13 28 31 13 31 13 4 13 13 13 13 31 13 31 13 13 28 28 4 50 13 13 28 28 13 39 31 13 13 13
Case #150: Impossible
Case #151: 5 6 0 5 3 3
Case #152: Impossible
Case #153: 2 11 0 3 11 10 6 11 1 14 3 11 10 3 1
Case #154: 13 11 13 5 10 9 11 11 5 11 0 9 5 13 14
Case #155: 23 18 18 18 18 18 28 28 28 23 22 3 16 18 23 7 13 28 22 1 28 18 28 28 18 23 18 0
Case #156: 4 17 36 7 17 4 16 17 7 4 16 0 4 4 16 17 12 4 31 16 4 4 4 16 17 4 4 17 17 14 16 16 4 7 4 17 4 12 14 17 4 17
Case #157: 9 9 22 0 9 22 9 37 22 22 9 22 22 9 2 11 2 22 9 4 11 4 4 9 9 22 4 9 11 43 22 9 9 4 58 3 22 22 4 22 9 58 9 22 4 9 9 13 11 11 9 37 15 22 9 9 58 22
Case #158: Impossible
Case #159: 37 10 27 37 37 37 37 27 10 27 27 37 0 37 37 27 37 10 27 37 37 25 27 37 27 27 13 37 10 10 27 27 10 37 10 37 27 27 27 37 37 27 27 27 10 37
Case #160: Impossible
Case #161: Impossible
Case #162: Impossible
Case #163: 17 17 6 0 17 4 4 4 4 4 17 6 4 17 6 4 6 4 4 6 6 6 4 6 19
Case #164: 14 14 14 14 29 14 14 33 23 14 18 29 29 0 7 14 14 14 28 18 14 29 29 14 33 39 14 14 7 14 14 14 14 14 14 14 14 28 18
Case #165: Impossible
Case #166: 5 5 5 10 10 7 1 7 6 0
Case #167: 8 11 10 11 6 0 3 12 6 6 10 5
Case #168: 15 0 15 15 2 10 2 15 15 15 15 21 2 15 2 2 2 2 15 2 15 15 15 15 15 10 15 15 15 2 2 2 15
Case #169: 13 28 34 12 34 11 34 11 11 0 13 34 10 28 10 34 11 34 11 13 10 11 13 12 10 11 36 34 11 11 34 34 34 11 28 11 10 10 11 13 12
Case #170: 2 0 2 2 2 2 2 2 2 2 2 2 2 2 47 2 2 2 2 2 2 2 2 2 12 2 2 2 47 2 2 47 2 47 2 2 2 2 2 44 2 2 2 2 2 2 44
Case #171: 29 15 29 15 15 15 2 15 34 37 29 37 29 29 29 29 29 29 15 37 15 29 15 5 29 15 29 29 37 29 29 29 15 13 29 8 0 29 15
Case #172: 5 1 4 0 4 4 18 4 4 4 4 4 18 4 4 19 18 4 4 4 4 4 4 18 4
Case #173: Impossible
Case #174: Impossible
Case #175: 10 19 1 10 19 4 10 10 1 0 1 22 10 10 10 10 1 10 1 49 10 49 10 47 47 1 1 17 47 19 49 49 1 19 19 19 47 1 1 1 19 19 1 11 10 10 49 10 4 11
Case #176: Impossible
Case #177: Impossible
Case #178: 6 3 6 6 2 7 0
Case #179: 16 3 0 31 31 3 31 31 29 5 5 29 31 31 31 5 31 31 31 5 31 31 5 14 20 20 31 31 3 5 3 3 3 31 28 29 23
Case #180: 4 3 0 2 3
Case #181: 0 41 1 1 41 1 41 1 1 27 41 43 41 1 29 1 1 1 41 32 41 41 42 27 41 1 41 42 41 41 1 1 1 42 1 41 1 27 1 41 32 41 1 41 1 27 41 1
Case #182: 43 9 9 7 21 21 25 0 21 43 21 6 21 21 9 39 9 22 7 46 22 8 21 43 21 21 43 21 21 21 46 21 43 9 9 46 21 6 21 39 16 21 46 21 39 25 21 21
Case #183: 3 9 9 0 9 5 9 9 4 3 5 5 9 3 9 9 9
Case #184: 14 28 11 28 28 28 18 6 6 28 15 29 15 6 28 25 15 6 20 11 24 29 6 6 11 28 11 0 14 28 6
Case #185: 21 21 1 1 21 21 0 4 21 21 20 21 20 4 1 1 1 1 1 1 7 1
Case #186: 34 12 5 34 0 12 34 15 27 34 5 5 5 34 5 12 5 34 5 5 29 5 34 27 12 12 34 27 34 12 27 5 34 12 5 18 5
Case #187: 13 13 36 19 0 30 40 40 13 5 5 5 5 44 30 13 23 5 5 23 40 43 13 5 36 12 5 5 36 5 5 5 23 5 5 5 44 30 5 23 19 36 5 5 40 36 36 37 5 36
Case #188: Impossible
Case #189: Impossible
Case #190: 15 23 30 0 23 12 26 30 23 39 30 16 16 16 23 26 30 26 26 26 16 1 16 23 16 4 18 26 16 26 23 23 16 26 39 30 26 26 12 16 16 16 30 26 16 30 16 3 4 1 26 15
Case #191: Impossible
Case #192: Impossible
Case #193: 4 23 5 14 13 4 14 6 14 3 3 6 14 0 4 3 12 1 4 1 1 5 13
Case #194: 22 1 22 24 3 23 19 4 4 26 22 2 23 1 4 30 30 22 22 5 19 0 22 22 30 22 4 26 24 4
Case #195: Impossible
Case #196: 6 6 27 38 13 13 13 27 5 5 13 6 27 13 31 6 13 13 13 13 13 27 6 0 13 13 24 27 13 13 6 27 6 27 13 38 27 13 27
Case #197: 0 1 37 1 37 37 1 1 1 1 1 1 55 1 1 1 1 1 1 6 1 37 1 37 37 37 37 1 37 55 37 1 1 1 1 1 1 1 1 57 37 1 1 1 1 1 37 1 6 1 37 1 1 1 1 1 37
Case #198: 12 1 5 7 0 5 12 5 5 13 1 5 1 12 5 1
Case #199: 10 0 22 10 25 25 10 2 10 25 14 10 10 23 10 8 8 22 25 22 8 25 10 23 8 22
Case #200: Impossible
Case #201: Impossible
Case #202: 2 11 11 1 2 15 11 10 11 1 0 2 11 1 2
Case #203: 13 8 13 13 13 11 13 13 8 11 13 15 0 4 13 13 13 15 13
Case #204: 2 10 2 2 6 9 12 9 10 0 10 9
Case #205: 0 1 28 39 48 37 37 9 28 37 37 37 36 1 37 37 48 37 37 39 37 37 36 28 21 28 37 39 48 1 28 28 37 37 37 28 1 36 48 48 37 37 1 48 37 28 48 37
Case #206: 42 31 31 31 0 31 42 31 22 20 31 42 21 30 5 20 31 31 20 31 31 20 31 20 21 5 5 5 31 31 5 20 31 5 31 5 20 5 30 5 31 31 31 31 21
Case #207: Impossible
Case #208: 0 19 6 19 21 1 1 19 19 19 6 1 19 1 1 19 6 6 6 6 20 19 1 6 6 6 19 1 19 19 1 1
Case #209: 9 11 0 2 13 9 11 11 13 9 9 9 3 9 2 2 13 13 20 9 13 3 13 2 9 9 9 13
Case #210: 4 4 7 0 4 7 4 4 4
Case #211: 6 3 5 1 6 16 16 12 16 12 12 16 12 1 6 0 16 6 3
Case #212: 10 15 15 25 25 55 55 15 1 0 25 4 4 15 1 25 10 25 25 15 15 37 55 25 15 25 15 25 37 37 25 25 25 25 25 15 15 25 4 9 25 15 1 32 37 25 55 37 1 25 15 1 1 15 4 25 9
Case #213: Impossible
Case #214: 14 0 5 6 6 7 15 7 12 15 10 6 4 15 2 12 10 5
Case #215: Impossible
Case #216: 16 15 5 5 16 16 15 7 15 8 7 16 15 7 16 0 7 5 15 15
Case #217: 0 1 1 1 1 1 50 1 1 1 47 1 1 53 50 1 1 50 50 1 1 1 50 1 4 53 50 1 47 4 50 50 49 1 1 50 50 1 1 1 1 1 1 1 1 1 50 50 50 1 49 1 1
Case #218: 13 7 16 18 29 5 26 13 0 18 23 24 7 24 7 13 13 7 7 16 13 9 7 23 16 9 5 23 16
Case #219: 2 0 6 2 2 13 2 13 2 2 2 13 2
Case #220: Impossible
Case #221: 4 4 4 0 4 4 5
Case #222: 19 12 7 12 12 7 0 7 7 14 7 19 8 7 7 7 5 12 14
Case #223: 2 4 4 9 16 16 16 16 6 2 2 16 6 7 16 0 16 12
Case #224: 20 3 0 20 17 3 20 10 13 15 15 3 17 15 20 15 15 17 3 2 3 26 20 17 30 3 30 15 25 26 3
Case #225: 19 16 8 19 15 0 15 19 22 19 19 15 22 3 6 19 15 19 15 16 1 3
Case #226: 40 40 58 47 47 40 2 47 16 47 47 47 40 47 40 0 40 40 16 58 40 40 16 40 58 40 58 47 47 47 40 40 40 40 40 16 16 40 40 16 40 15 40 16 40 2 40 40 2 40 40 40 40 40 15 58 40 40 40
Case #227: 3 1 0 2 4
Case #228: Impossible
Case #229: 3 3 6 6 4 0 3 1
Case #230: 11 27 22 11 27 20 27 33 33 39 27 39 27 27 31 11 26 39 21 11 27 39 27 26 26 33 0 27 16 23 11 27 27 39 33 11 33 39 33 33 11 39 31 23
Case #231: Impossible
Case #232: 4 14 4 24 24 24 4 0 13 24 7 4 27 13 24 4 4 4 4 4 7 13 13 8 4 4 24 27 24
Case #233: Impossible
Case #234: 5 17 4 15 9 9 5 15 0 15 5 15 15 11 17 14 9 9 5 14
Case #235: 17 47 47 0 4 4 47 7 4 21 4 42 47 4 4 4 47 47 4 4 17 4 4 4 4 47 21 4 4 47 4 4 47 39 21 4 4 4 47 47 4 47 4 4 4 4 4 42 47
Case #236: Impossible
Case #237: 15 15 17 31 7 30 23 29 7 11 17 11 9 20 17 15 30 31 17 29 7 31 0 11 30 17 17 2 15 23 7
Case #238: 7 32 6 7 25 7 0 7 7 12 7 32 7 2 25 25 7 26 12 7 15 8 32 22 7 25 7 7 8 8 5 25
Case #239: 6 7 6 6 9 0 1 9 6 1 6
Case #240: Impossible
Case #241: Impossible
Case #242: 20 20 36 28 28 28 20 0 20 20 28 16 20 16 20 33 28 20 24 8 31 24 20 20 24 33 31 20 31 8 28 24 20 36 20 16
Case #243: 14 5 11 15 8 14 14 13 13 5 5 8 14 0 5 2
Case #244: Impossible
Case #245: 18 0 45 7 2 2 45 37 2 45 18 2 45 7 18 2 45 45 2 2 37 37 18 45 2 2 2 18 2 45 45 2 45 45 45 45 18 2 2 18 2 18 2 45 2 2 2 45 37 2 2 2
Case #246: Impossible
Case #247: 6 13 14 1 1 0 13 14 11 2 10 13 1 6
Case #248: 0 20 9 20 9 1 20 2 20 5 20 20 1 20 20 20 20 1 1 1 1 5 20 20 20 12 1
Case #249: 16 15 7 16 26 16 0 16 7 7 15 10 10 16 16 7 15 16 7 10 10 16 7 7 7 16 7 10 24 16 11
Case #250: 24 24 18 23 7 9 18 18 12 9 18 7 12 18 18 20 23 0 14 23 7 18 24 18 7
Case #251: Impossible
Case #252: Impossible
Case #253: 40 0 52 49 30 52 52 40 2 30 2 28 18 49 2 2 49 33 2 52 28 2 52 52 2 2 52 52 40 52 52 52 52 28 30 49 52 33 52 30 30 34 52 18 2 2 34 2 30 2 2 2 52 2 2
Case #254: 2 10 11 0 4 2 11 11 10 11 4 10 4 10
Case #255: 4 10 8 0 3 8 11 4 6 1 1
Case #256: Impossible
Case #257: 23 23 23 23 23 0 6 23 6 6 14 23 23 23 14 6 6 14 6 6 6 28 6 6 28 23 6 23 23 14 6 6 6 6 23 23 6 23 6 25 6 6
Case #258: 3 1 0 3 4
Case #259: Impossible
Case #260: Impossible
Case #261: 17 17 17 36 17 2 17 36 17 2 32 43 36 36 0 17 36 17 23 17 17 17 38 36 17 31 43 36 17 36 21 21 36 36 32 15 36 17 17 36 17 36 3 36 31
Case #262: 7 7 14 7 7 14 14 7 7 14 7 7 14 0 7 7 15 8 2
Case #263: 3 6 6 3 6 0
Case #264: Impossible
Case #265: 9 9 14 9 31 9 9 9 19 19 19 14 19 19 19 19 19 0 18 9 9 19 19 19 18 19 9 19 31 19 19 9 18 19 9
Case #266: Impossible
Case #267: 12 6 11 5 6 13 13 6 6 12 10 6 0 13 18 6 5 7 6 5 15 6
Case #268: 20 20 2 20 26 19 18 14 20 20 8 19 6 6 19 19 19 6 20 0 19 2 6 19 19 19 18 19 26 20 2 19 18 19 20 19 8 20
Case #269: 11 12 15 14 12 11 11 11 5 5 0 11 14 12 9 14
Case #270: Impossible
Case #271: Impossible
Case #272: 10 37 31 10 10 10 5 31 10 28 10 31 28 28 31 31 28 28 0 5 31 28 5 31 28 31 5 19 31 10 5 10 10 5 28 37 28 31 28 31 31 10 28 5 28 31 28 28 31 5 5 28 5
Case #273: 14 14 0 1 14 14 8 14 14 3 14 8 1 3
Case #274: Impossible
Case #275: 33 20 19 0 19 36 27 27 27 34 4 15 4 34 27 11 4 14 15 27 11 4 15 34 34 14 11 36 4 20 4 27 15 20 27 34 33 11 27
Case #276: Impossible
Case #277: 0 1 1 1 29 1 29 21 21 29 5 8 1 2 1 8 1 2 29 1 39 1 1 2 1 29 1 22 1 1 1 21 1 1 1 2 1 21 10 21 1
Case #278: 3 8 0 11 3 8 4 1 1 4 1
Case #279: Impossible
Case #280: 7 33 35 10 10 33 8 36 10 33 6 2 28 9 10 18 9 33 18 10 33 10 36 33 33 33 33 10 9 33 33 33 0 33 9 33 33
Case #281: Impossible
Case #282: 18 5 4 5 0 1 5 5 5 13 5 17 4 5 4 13 5 17 11 28 17 5 4 5 1 4 5 1
Case #283: Impossible
Case #284: Impossible
Case #285: 15 15 15 15 59 12 0 12 15 15 15 15 33 12 7 15 15 16 12 15 7 15 18 34 12 15 15 46 16 16 44 15 59 16 15 15 15 15 15 12 44 7 12 34 16 12 15 15 15 15 15 46 15 15 15 44 15 15 15
Case #286: Impossible
Case #287: 40 15 40 15 15 15 15 13 37 13 4 15 0 13 13 4 4 13 4 40 4 13 15 13 9 4 1 13 25 15 4 15 15 37 13 15 15 13 13 37 4 4 13 13 37
Case #288: 25 25 0 25 3 25 25 25 3 25 25 25 25 25 44 3 25 25 3 25 25 3 25 3 3 25 25 25 3 33 25 25 25 3 25 25 3 25 25 25 3 4 25 25 4 25 25 25 33 25 25 25 25 44 25 44 3 25
Case #289: 3 0 2 3 4 2 3 2 4 2 2 24 3 20 27 3 24 2 2 24 2 24 2 16 4 3 2 2 20 2 3 2 3 3
Case #290: 44 47 44 47 44 23 35 47 44 23 44 16 16 1 47 1 2 16 23 16 23 6 44 44 44 16 15 35 23 44 16 44 0 44 44 16 47 16 44 16 35 47 44 33 47 44 16 16 2 47 6
Case #291: 32 32 0 3 36 33 3 33 33 33 3 3 32 33 36 33 24 33 33 33 33 18 42 28 42 33 33 33 24 33 33 33 3 3 18 24 3 33 3 33 5 24 3
Case #292: 6 20 18 18 18 19 1 22 14 18 20 14 3 20 19 18 14 1 11 0 19 6 14 15 6 20 6
Case #293: 7 6 8 10 8 8 8 0 8 5
Case #294: 57 11 13 13 14 24 57 14 24 13 13 13 14 0 13 1 57 13 20 24 7 13 7 14 14 13 13 14 13 20 14 13 11 28 20 24 14 13 13 24 14 14 51 13 13 14 13 34 7 16 13 24 14 14 13 24 13
Case #295: Impossible
Case #296: Impossible
Case #297: 3 3 16 13 14 16 13 3 3 3 16 13 0 3 3 13
Case #298: 45 0 13 2 45 45 45 45 7 2 45 28 45 13 2 2 7 7 2 45 2 45 2 45 1 2 2 2 2 2 45 1 45 2 45 45 7 45 45 45 45 2 7 25 2 25
Case #299: 8 3 8 3 10 4 8 0 10 8
Case #300: 47 19 37 37 47 37 47 19 48 34 27 0 34 19 22 34 27 19 12 48 19 19 41 12 19 2 19 19 27 27 34 6 12 19 34 19 52 32 34 48 47 27 37 32 43 19 34 34 27 39 37 27 27
Case #301: 0 33 12 12 4 12 12 12 12 33 12 33 1 1 4 1 12 7 12 33 33 1 4 33 4 1 33 12 12 12 12 12 1 12 48 33 12 12 1 4 12 12 48 12 1 4 1 12 12 12 1 1
Case #302: Impossible
Case #303: Impossible
Case #304: 10 15 28 6 10 28 28 28 20 6 10 7 8 8 28 28 28 6 6 6 7 21 6 8 6 10 28 0 7 22
Case #305: 20 41 0 3 41 5 34 3 3 3 3 3 41 3 3 3 3 5 3 3 5 5 3 3 5 41 34 3 3 3 3 5 34 5 4 3 3 3 3 3 3 34 34 4 3 3 3
Case #306: Impossible
Case #307: Impossible
Case #308: 25 0 30 28 8 25 30 17 24 30 30 25 24 30 25 24 25 29 25 24 18 15 30 2 24 24 7 24 24 18 30 30 25 28 2 28
Case #309: 6 0 7 7 4 4 11 2 4 4 2 4 2 7 2
Case #310: 13 13 10 10 11 13 13 1 13 13 2 13 0 2 2 1 13 1 2 2
Case #311: Impossible
Case #312: 47 0 2 8 44 2 53 44 2 41 47 7 2 47 2 8 2 38 8 8 8 8 2 2 41 2 8 7 47 8 2 8 47 2 47 2 2 47 2 2 8 47 2 47 2 44 2 2 47 47 44 2 41 44 2 2 8 47
Case #313: Impossible
Case #314: Impossible
Case #315: 14 30 0 11 30 22 30 30 13 18 30 30 3 13 13 13 13 13 13 23 23 30 12 13 22 30 22 13 30 13 12 30
Case #316: 49 11 0 49 3 23 3 3 11 3 4 11 3 3 41 41 3 3 49 49 23 3 49 3 3 3 3 3 3 3 49 4 3 49 3 3 41 3 3 3 49 3 3 3 3 3 2 3 3 3 41 3 2 3 11 3
Case #317: Impossible
Case #318: 26 12 26 12 21 9 4 9 0 23 9 31 9 9 3 12 14 9 14 9 14 3 3 3 31 21 23 21 25 21 9 3 25 14 14 12 3 31
Case #319: 0 5 22 1 22 1 8 13 1 5 17 17 1 8 13 13 13 13 22 22 1 1 8 1 17
Case #320: 52 28 10 28 35 35 35 28 1 33 53 53 35 28 35 28 35 7 8 7 35 53 35 8 35 35 28 7 35 28 35 7 35 53 0 28 7 10 53 28 38 38 35 28 35 38 28 44 38 17 35 33 36 44 35 53
Case #321: Impossible
Case #322: 27 0 30 29 29 19 17 29 30 29 19 19 29 29 29 27 29 19 29 30 29 29 29 27 30 29 29 29 2 29
Case #323: Impossible
Case #324: 0 8 1 1 9 8 1 11 1 11 9 9 1 8 1 8 9
Case #325: 27 27 22 27 22 0 6 6 6 27 22 6 15 22 22 6 6 27 27 22 6 6 27 6 27 6 22
Case #326: Impossible
Case #327: 2 9 9 2 6 9 8 2 0
Case #328: Impossible
Case #329: Impossible
Case #330: 4 8 4 7 7 2 0 7 4
Case #331: 2 0 4 2 2 2 2 1 4 2 1 10 2 4 1 4 4 15 10 4 1 1 4
Case #332: 43 0 33 19 2 43 2 16 16 2 16 2 43 2 16 6 15 2 43 2 2 27 2 27 16 16 16 16 43 43 43 2 2 2 16 16 2 2 16 2 43 2 33 2 6 16 43 2 2 6
Case #333: 7 16 11 11 26 15 26 21 7 15 21 15 15 21 7 7 14 20 26 7 1 7 15 3 21 0
Case #334: Impossible
Case #335: 20 19 20 13 17 0 6 6 13 6 19 20 17 20 6 20 20 17 20 6 6 20 6 6
Case #336: Impossible
Case #337: 30 27 28 27 32 30 4 21 28 30 8 30 1 1 27 30 28 28 1 30 28 28 30 8 27 27 30 30 27 0 30 27 1 28
Case #338: Impossible
Case #339: 24 19 19 8 10 19 10 19 19 24 10 17 19 10 13 24 22 19 0 24 19 8 13 19 24
Case #340: Impossible
Case #341: Impossible
Case #342: 10 12 7 19 0 7 2 10 17 12 17 18 2 4 10 17 19 5 5 2
Case #343: 45 26 12 26 11 52 11 0 52 8 6 6 11 11 6 52 11 6 11 11 11 52 11 52 11 11 11 6 11 52 11 6 52 6 6 26 11 11 6 52 54 11 26 11 11 6 6 26 6 12 11 8 52 11 11 26
Case #344: Impossible
Case #345: 4 39 33 11 35 11 33 39 39 36 0 41 39 11 25 39 35 39 11 11 39 25 39 11 11 11 33 41 39 39 36 36 39 33 33 39 11 39 11 11 39 28 33 39 39 39 41
Case #346: 10 0 2 55 2 2 55 41 41 17 46 2 2 2 2 2 41 2 17 41 2 2 2 55 45 17 55 55 2 2 41 41 2 55 55 41 17 2 55 2 55 46 55 2 17 41 46 55 2 55 2 55 2 55 2 2 2 46 31
Case #347: 0 1 1 19 1 19 25 1 19 25 1 25 1 25 19 24 19 25 1 25 25 25 1 1 28 1 1 19 1 1 28 25 25
Case #348: 12 16 12 7 12 12 1 12 16 1 12 0 12 32 43 12 32 1 12 12 43 43 12 16 28 8 16 16 16 12 43 12 12 8 7 32 32 1 12 16 12 1 1 12
Case #349: 29 21 12 12 31 21 29 12 30 29 29 0 25 12 29 24 21 35 24 31 4 12 4 25 12 21 12 12 21 17 12 29 12 24 4 17 21 29 12 21 25 2 12 24 31 12 12
Case #350: 10 10 10 10 1 10 10 1 1 0 1
Case #351: 0 10 14 10 1 13 10 14 13 1 13 13 2 10
Case #352: Impossible
Case #353: 4 0 43 2 23 19 23 23 35 19 23 19 23 19 2 23 4 23 23 23 2 4 4 23 4 4 23 4 19 23 23 4 23 2 14 23 23 19 35 4 23 23 4 4 2 23 23 19
Case #354: Impossible
Case #355: 9 30 30 0 9 30 4 9 30 30 30 38 30 18 30 9 15 9 9 30 4 4 30 9 18 30 14 4 18 4 15 9 9 14 9 30 30 30 18 30
Case #356: 0 1 1 48 1 48 1 1 1 40 48 1 1 1 1 48 1 1 1 48 16 1 1 1 28 1 1 16 1 1 1 1 1 1 48 1 1 53 1 48 1 48 1 48 48 12 48 1 1 1 12 16 1 28 1 1 48
Case #357: 9 8 8 18 9 8 18 0 8 8 15 8 18 15 8 9 9 2
Case #358: 9 7 9 3 12 5 3 2 12 12 7 0 1 12 12
Case #359: 21 12 12 12 48 21 21 22 21 21 48 21 12 24 21 48 21 48 48 12 0 7 8 48 21 48 12 24 21 25 9 22 21 48 21 12 21 8 48 24 7 21 22 9 12 48 12 21 21
Case #360: 8 6 6 8 7 8 8 0
Case #361: Impossible
Case #362: Impossible
Case #363: Impossible
Case #364: 0 1 1 1 1 48 1 1 48 1 1 1 59 1 1 1 1 1 1 1 1 1 1 1 6 11 1 1 1 1 1 1 1 1 1 1 1 1 1 6 1 1 1 59 1 1 1 11 1 1 1 1 1 1 1 1 1 1 1
Case #365: Impossible
Case #366: 2 0 1 2 2 1 1
Case #367: Impossible
Case #368: Impossible
Case #369: Impossible
Case #370: 18 0 2 18 35 8 2 2 50 18 18 18 2 8 2 23 2 2 18 8 8 2 2 2 18 2 2 50 2 2 18 21 4 8 18 18 18 18 4 18 2 8 2 2 2 2 2 2 2 35 18 2 18 2 8 2 18 2
Case #371: 11 0 13 11 4 13 11 11 11 11 2 2 1 13 11
Case #372: Impossible
Case #373: Impossible
Case #374: Impossible
Case #375: Impossible
Case #376: 0 1 27 27 1 1 4 27 27 27 27 1 27 1 1 1 27 27 1 27 27 27 1 27 27 1 1 27 1 27
Case #377: 31 36 31 38 8 31 36 31 31 31 31 24 31 31 24 31 31 31 24 24 0 24 24 21 24 31 36 36 24 31 24 8 31 31 24 29 31 31 31
Case #378: Impossible
Case #379: Impossible
Case #380: Impossible
Case #381: 4 6 4 0 11 4 6 6 4 11 6 4 11 3 4 4 4 6 4 11 6 4
Case #382: 48 7 7 38 48 38 38 38 42 19 7 5 19 19 48 19 19 48 0 19 48 38 42 48 42 48 49 26 48 19 38 48 40 26 42 38 19 42 42 38 19 48 19 38 48 19 36 19 38 38 38 49 19
Case #383: Impossible
Case #384: Impossible
Case #385: 10 12 1 9 10 0 4 10 6 12 7 9 9
Case #386: 22 11 11 37 23 22 9 22 11 22 22 0 22 22 22 8 11 23 23 22 11 12 11 14 22 11 22 23 37 12 22 22 22 22 11 12 11
Case #387: 8 8 7 7 14 7 2 16 7 8 14 8 7 3 7 0
Case #388: 7 11 0 7 7 7 3 19 7 7 17 20 7 7 3 7 7 3 7 7 17 11 19 7 7 3 7 7 7 7 7 7 7 7 11
Case #389: 47 47 47 20 47 47 0 30 47 7 30 47 47 30 7 47 7 47 7 18 20 47 47 46 47 47 47 30 7 47 47 30 47 30 7 11 47 47 7 47 47 47 47 30 47 7 7 47 47 20 47
Case #390: 0 1 2 2 2 4 2 1
Case #391: 4 13 4 0 4 4 42 42 5 4 4 4 4 42 4 4 4 4 4 4 4 4 4 4 4 13 4 4 5 4 4 42 42 4 4 4 4 42 4 42 42 13 4 42 42 13 4 4 4 4 4 26 4 4 5
Case #392: Impossible
Case #393: 19 28 26 23 15 1 15 15 25 19 26 23 15 1 26 11 26 19 26 26 13 26 28 19 15 0 25 26 15
Case #394: 0 9 5 5 1 5 6 1 1
Case #395: 16 35 0 32 16 17 17 50 39 26 41 43 16 43 41 41 16 13 33 16 17 16 16 39 14 16 17 16 41 41 32 33 41 17 33 50 33 16 13 41 3 39 16 33 16 13 16 41 33 33
Case #396: Impossible
Case #397: 11 11 0 3 3 11 11 22 3 11 3 11 3 11 22 11 3 7 7 11 11 11 3 9 11
Case #398: 0 14 1 1 1 47 1 47 47 1 14 47 14 47 1 1 1 1 1 1 47 1 1 1 47 47 1 1 1 1 1 47 1 47 47 1 1 1 1 1 1 1 14 1 1 1 1 47 47 1 47 47 1 1
Case #399: Impossible
Case #400: 26 25 26 20 20 20 26 0 20 26 1 20 20 20 20 26 1 20 14 8 20 19 2 2 26 20 17 1 8 20 26 26 20
Case #401: Impossible
Case #402: Impossible
Case #403: 3 18 18 9 18 9 32 22 30 22 3 22 20 30 9 22 18 0 9 22 30 3 30 32 22 18 19 18 22 22 32 22
Case #404: Impossible
Case #405: Impossible
Case #406: 5 1 7 9 6 10 10 7 7 0 4
Case #407: 31 20 20 31 7 31 31 17 27 33 31 31 4 31 31 21 35 27 35 31 31 31 20 27 31 31 0 7 24 20 35 17 27 21 33 4
Case #408: 9 32 9 9 34 9 16 9 0 15 16 34 31 16 32 31 9 9 32 16 28 9 16 9 15 9 9 16 16 32 32 9 34 9 16 31 15
Case #409: Impossible
Case #410: Impossible
Case #411: 11 10 4 12 3 5 3 6 1 3 12 0 3
Case #412: 24 0 2 2 2 15 32 2 32 2 2 8 31 2 2 15 2 24 44 2 2 2 2 8 2 2 2 8 2 2 2 2 2 2 8 15 44 2 2 31 2 24 2 15
Case #413: 11 0 2 7 2 11 9 7 2 1 7 6
Case #414: 0 1 2 1 6 1
Case #415: Impossible
Case #416: 2 0 2 2 16 2 2 2 2 2 2 2 2 2 2 2 2 2 2 2 2 2 2 2 2 16 2 2 2 2 2 2 16 24 2 2 2 16 2 2 2 2 2 2 2 2 2 2 2 2 2 2 2 2 2 2 24
Case #417: 7 42 16 16 0 7 5 5 52 16 42 5 16 5 42 1 7 7 5 16 16 42 51 16 42 7 42 27 1 16 5 27 16 27 7 5 16 42 7 52 42 51 7 16 16 16 42 42 16 5 16 51 16 23 42
Case #418: Impossible
Case #419: 34 13 23 26 0 4 12 26 26 34 26 5 26 26 26 26 26 12 26 5 23 34 34 5 26 12 26 34 26 26 13 26 26 26 5 5
Case #420: Impossible
Case #421: Impossible
Case #422: 3 16 39 3 3 16 16 34 3 16 34 34 3 39 16 34 3 16 40 16 6 16 16 38 10 39 34 0 21 40 13 39 3 28 3 3 3 13 16 34 3
Case #423: 0 3 1 5 8 1 6 6
Case #424: 0 1 1 21 21 21 5 1 21 1 1 21 21 1 16 7 1 1 1 1 1 1 1
Case #425: Impossible
Case #426: 0 34 1 1 34 17 34 34 34 1 22 1 2 33 8 22 33 34 33 34 17 2 1 22 12 2 8 34 7 1 2 1 2 12 2 34 34 33 34 1 34 34 22 34 7 1 34 2 1
Case #427: 2 3 0 2 2
Case #428: Impossible
Case #429: Impossible
Case #430: 11 11 9 3 3 0 3 15 6 3 16 3 11 6 4 3
Case #431: 13 8 13 13 13 4 29 13 13 0 13 24 24 27 13 27 13 13 24 13 10 14 24 10 13 24 13 10 14 13
Case #432: 25 25 25 37 25 7 25 33 25 25 37 37 37 25 25 25 25 37 25 37 37 23 37 7 37 25 37 0 2 2 37 10 37 37 37 37 28 25 28 37 25 37 25
Case #433: 0 21 1 33 21 21 21 21 1 21 21 41 41 21 21 21 41 21 1 41 46 21 1 37 21 21 41 21 21 21 41 21 41 21 1 37 41 21 43 1 21 37 41 21 41 1 21 41 21 33
Case #434: 35 22 56 0 35 24 24 22 35 4 22 35 4 35 4 4 4 22 4 22 22 35 56 22 35 4 4 4 7 4 4 7 4 4 4 4 7 22 21 21 7 4 4 22 22 35 7 4 4 22 4 22 4 4 4 35 35
Case #435: Impossible
Case #436: Impossible
Case #437: 13 8 13 7 0 13 8 5 12 8 1 13 8 9 8
Case #438: 0 4 4 24 4 4 1 4 1 4 4 1 1 1 1 1 1 1 1 5 24 1 1 1 1
Case #439: Impossible
Case #440: 13 13 16 12 18 5 13 18 12 5 5 13 0 16 12 18 5 13 16 16 12 10 10 12 13 10 10 10 34 28 12 13 26 5 18 13 16 13 5
Case #441: Impossible
Case #442: Impossible
Case #443: Impossible
Case #444: Impossible
Case #445: 9 0 40 18 40 31 40 40 40 52 31 40 52 40 9 2 52 40 31 31 31 2 40 40 31 9 40 52 2 31 40 40 2 52 18 2 2 40 40 2 52 31 7 2 40 40 2 31 2 40 40 40
Case #446: Impossible
Case #447: Impossible
Case #448: Impossible
Case #449: 45 33 24 50 32 45 2 50 18 24 33 18 12 24 24 50 24 32 24 24 24 50 32 0 2 24 50 24 45 24 24 50 45 45 24 26 24 24 45 24 24 45 33 24 24 47 2 45 4 45 24 24 33 45 50 53
Case #450: 6 7 6 8 4 4 8 10 10 0 6
Case #451: Impossible
Case #452: 2 4 7 7 8 7 0 6
Case #453: 5 1 1 25 32 32 32 5 32 1 1 1 25 11 1 32 36 20 10 1 32 32 32 32 26 1 20 32 32 1 11 0 20 32 20 10
Case #454: Impossible
Case #455: Impossible
Case #456: 44 39 39 13 39 39 39 39 39 39 36 17 22 39 39 31 44 0 39 18 13 39 39 13 36 18 39 47 39 39 39 36 17 39 39 39 44 39 18 39 36 44 39 39 13 39 17 39 23 39
Case #457: Impossible
Case #458: Impossible
Case #459: Impossible
Case #460: 0 1 1 1 11 27 27 1 1 27 1 11 27 27 27 11 1 1 26 11 11 27 1 1 1 27 11 1 1 1 1 27 1 11 27 1 1 11 26 19 1 27
Case #461: Impossible
Case #462: 30 20 36 27 22 14 27 14 30 14 28 18 0 22 14 27 27 36 28 14 28 28 22 13 30 14 14 13 28 20 30 22 22 28 27 33 22
Case #463: Impossible
Case #464: 11 11 11 15 11 11 11 11 3 11 0 51 11 15 11 8 3 11 15 11 41 9 11 26 15 15 9 11 11 11 8 15 15 41 19 11 11 41 11 11 9 15 15 3 9 11 11 41 41 15 11
Case #465: 0 27 27 10 15 26 27 1 27 27 27 10 26 27 26 26 27 10 27 27 10 26 26 27 1 27 1 26 26 1 27 26 1 10 15 1 1 26 26 1 1 10 26 27 26 10 27 27 1
Case #466: 37 37 12 37 35 4 15 0 35 12 18 8 37 8 12 12 12 12 18 12 12 8 31 15 18 29 18 12 35 12 37 18 12 26 12 29 12 12 12 18 12 12
Case #467: Impossible
Case #468: Impossible
Case #469: 3 7 7 3 3 7 0 7
Case #470: Impossible
Case #471: Impossible
Case #472: Impossible
Case #473: 6 6 2 26 2 0 3 2 3 2 3 36 2 2 2 2 29 21 29 3 2 2 29 2 6 2 2 2 6 2 2 2 2 6 6 2 36 3 6 2 2
Case #474: 15 1 1 1 0 1 14 1 14 5 14 1 1 13 10 14
Case #475: 6 6 6 3 3 0 6 6 5 5 6
Case #476: 28 11 1 14 14 1 15 14 0 28 14 1 14 28 1 1 28 15 14 1 14 28 14 14 9 14 28 9
Case #477: 10 19 29 29 23 10 19 19 8 29 22 0 22 19 19 29 29 19 29 4 19 19 2 19 19 19 29 6 12 19
Case #478: Impossible
Case #479: Impossible
Case #480: 2 11 6 23 11 7 2 11 7 2 0 2 11 2 23 23 8 16 7 11 10 2 11 25 8
Case #481: Impossible
Case #482: Impossible
Case #483: Impossible
Case #484: 0 1 48 1 33 1 1 1 1 1 1 1 17 1 1 1 1 1 1 1 1 1 1 33 1 48 37 1 48 1 33 1 1 1 33 1 1 1 33 1 16 48 1 1 1 33 33 1 1
Case #485: 6 0 2 16 11 30 2 33 32 13 2 2 3 3 30 5 5 3 30 1 5 20 30 5 24 16 30 5 5 16 2 11 20 24 20
Case #486: 0 30 1 30 1 22 30 30 30 30 30 30 30 30 22 33 30 30 30 30 30 2 30 30 30 18 1 30 18 1 1 30 30 30 30 30 33
Case #487: 13 0 7 7 13 7 10 13 20 11 2 20 11 5 20 11 11 9 11 6 7
Case #488: 5 0 8 8 2 31 5 5 8 8 31 2 8 8 2 8 2 5 5 14 14 2 2 31 2 5 2 5 8 2 8 31 5 8 8 8 14 34 2 8 5 14 2 8 2 31 2 21 31 34 2 2 2 8 8 8 2 2 8
Case #489: 17 0 32 31 32 2 2 16 28 29 16 17 16 16 2 2 28 2 32 2 16 5 5 2 29 16 2 32 32 32 32 16 5 32 5 2 32 31
Case #490: 27 37 27 13 14 25 52 27 27 27 54 27 37 27 39 51 27 14 27 56 27 56 27 37 37 27 0 37 27 25 14 39 37 51 37 13 27 37 18 56 39 13 27 56 18 18 14 27 18 40 37 39 13 38 27 18
Case #491: Impossible
Case #492: 10 10 11 14 0 13 3 18 3 13 14 3 3 21 18 11 18 5 14 14 18
Case #493: 16 28 20 28 28 0 19 6 6 28 20 10 28 28 35 28 6 16 28 16 28 6 28 28 35 28 19 6 28 28 28 28 6 28 16 28 10 37 19
Case #494: 0 6 7 7 6 1 1 1 4 7 5
Case #495: 2 0 10 12 14 14 2 2 10 2 12 14 2 2 13 14
Case #496: 6 25 7 6 6 0 6 21 21 5 9 25 20 6 9 6 21 21 7 7 25 5 7 25 1
Case #497: 3 1 0 6 1 1
Case #498: 0 7 2 7 4 5 1 5 11 11 4 4
Case #499: Impossible
Case #500: Impossible
Case #501: Impossible
Case #502: 8 3 15 8 1 3 3 28 8 6 26 28 3 8 0 28 3 28 8 28 14 6 3 28 6 3 8 3 6 6 6 3 8 28
Case #503: Impossible
Case #504: Impossible
Case #505: 4 0 6 2 8 9 11 9 2 1 5
Case #506: 7 9 11 15 6 12 18 3 11 7 7 7 11 15 3 12 18 0 18
Case #507: Impossible
